FH1_S162
40
0
48
1
2
0
0
0
16
0
2
0
2
3
0
0
0
1
0
0
0
3
0
1
30
0
0
2920
0
6
0
11
0
0
0
0
70
0
0
0
0
12
0
4
19
0
2
0
0
21
0
0
0
90
0
50
0
0
6
53
0
11
0
19
0
0
0
7
2
1
0
1
0
0
0
2
3
0
62
1
0
2
0
0
0
0
7
0
1
0
0
0
10
0
0
0
1
1
0
1
0
0
11
219
0
1
0
0
14
0
0
0
0
0
27
0
0
0
0
0
0
0
2
0
0
0
0
0
77
42
0
103
2
0
1
0
1
0
0
0
0
3
0
0
0
0
0
35
0
0
9
8
0
32
0
0
4
0
146
0
0
0
0
0
70
0
0
0
0
2
0
0
1
0
0
1
1
0
0
0
0
0
0
0
0
0
0
0
0
39
0
58
1
19
2
0
0
0
0
0
1
0
18
0
0
0
0
0
0
0
4
0
7
0
0
0
0
0
0
248
2
384
0
11
0
0
0
0
0
0
0
0
0
1
8
13
5
1
1
0
50
1
0
1
0
0
0
0
3
1
0
0
0
3
1
4
0
0
2
0
0
0
57
3
0
73
3
4
0
13
0
21
0
0
0
0
0
1
0
0
0
0
0
19
0
0
12
0
0
0
2
5
0
0
0
0
8
0
0
35
0
1
0
19
8
0
1
0
0
3
0
0
2
5
0
0
1
9
0
0
0
0
0
1
13
0
0
49
11
0
0
0
3
0
10
0
0
0
0
0
1
0
47
5
0
18
0
0
9
0
1
0
0
67
0
12
0
0
0
0
4
0
0
0
0
0
0
0
0
0
0
0
0
0
0
9
0
8
0
0
0
1
1
0
0
10
0
1
0
0
0
0
0
0
0
0
7
0
0
0
53
1
5
0
21
0
0
0
3
0
3
0
0
0
0
0
4
0
0
0
0
0
0
1
0
4
0
0
0
1
2
0
24
11
0
24
1
4
3
27
0
0
0
2
0
0
0
6
0
4
0
2
0
1
0
243
3
0
25
199
0
132
0
7
0
0
2
2
0
0
0
0
0
3
0
0
0
0
0
0
23
0
0
1
11
0
0
9
0
0
65
5
0
10
0
29
0
0
13
4
0
0
0
0
0
0
1
0
0
0
2
0
0
0
44
0
0
0
0
0
0
2
1
0
0
0
0
3
0
1
0
74
2
7
5
0
4
0
0
0
0
3
1
0
0
0
1
0
13
42
0
193
5
24
0
45
0
0
0
1
0
25
2
2
1
0
2
185
2
0
0
0
0
30
1
0
3
0
0
0
1
0
82
0
0
0
0
0
50
0
235
0
0
1
115
0
0
0
0
0
28
66
0
0
1
0
12
0
8
0
0
12
0
14
0
0
0
1
0
0
48
0
0
0
0
0
0
0
4
0
0
0
0
0
24
0
61
4
0
0
1
0
11
0
9
0
2
0
0
1
0
6
1
3
0
0
52
0
5
0
2
0
0
0
0
3
0
0
29
0
0
13
0
0
0
0
4
14
0
0
0
0
90
0
10
0
0
0
0
0
0
17
1
2
0
0
0
9
43
0
2
1
1
0
0
0
2
0
0
0
0
2
1
0
0
0
0
0
0
0
5
0
0
1
0
0
0
0
0
13
0
0
0
0
0
2
0
0
0
11
4
0
6
4
5
0
0
3
90
0
0
1
0
1
0
173
0
0
0
49
0
72
5
2
4
0
0
0
118
0
1
6
0
0
0
0
0
4
0
18
0
0
0
0
0
0
0
0
0
0
0
0
4
0
0
0
0
0
9
0
2
129
0
4
0
27
0
0
4
0
0
0
1
3
0
0
0
0
0
0
1
0
0
0
0
1
0
154
0
0
0
1
0
0
0
4
0
0
0
14
0
25
0
1
0
2
0
0
0
1
0
0
37
0
0
21
0
0
0
0
0
0
1
4
23
0
0
0
0
0
25
0
323
7
0
2
4
0
0
0
1
0
4
17
0
0
0
0
0
70
108
37
10
0
0
77
0
0
0
63
0
0
0
0
0
7
0
0
9
98
0
77
0
20
0
207
2
228
0
0
9
2
0
107
167
1
0
2
0
13
10
0
0
0
21
0
0
0
0
0
1
8
0
0
5
0
0
0
1191
0
0
305
65
0
0
0
0
0
3
0
0
0
0
0
0
0
1
0
0
0
0
0
0
0
1
52
0
2084
2
8
0
0
0
0
70
0
47
0
0
0
0
0
0
1
0
0
6
0
0
0
1
19
0
64
0
0
1
1
0
431
0
1
0
0
18
320
0
0
0
4
0
128
1
63
0
1
17
0
0
0
0
0
0
0
0
801
1
0
0
18
0
0
0
13
16
0
0
25
2
0
85
0
0
0
0
7
0
0
8
0
14
0
4
3
0
0
3
0
1
0
0
113
0
0
0
0
1
0
0
0
6
0
6
0
0
0
0
0
0
0
0
0
0
0
0
61
3
0
10
0
0
0
2
0
0
0
2
0
2
0
1
34
0
1
0
1
0
9
0
0
0
1
0
239
0
0
0
38
0
0
156
0
170
0
5
34
227
0
0
0
0
44
1
0
2
3
0
1
25
0
0
0
1
0
1
0
0
5
0
0
1
0
0
7
0
0
5
0
46
56
2
14
0
0
1
0
0
0
0
0
12
1
0
0
8
0
0
0
7
11
118
0
0
0
3
10
0
0
0
0
4
0
0
0
0
0
0
0
0
150
0
150
0
0
0
0
992
37
0
0
0
0
48
1
32
0
0
0
33
0
1
0
0
0
0
13
6
23
89
2
0
0
5
10
0
0
0
0
0
34
0
0
0
118
0
773
0
0
4
0
6
0
2
0
0
0
0
0
0
0
0
0
0
111
2
24
0
0
0
0
0
0
0
0
0
0
0
6
0
5
0
0
0
4
0
0
0
0
16
59
1
0
9
0
0
0
180
8
0
0
45
0
2
244
29
0
0
0
48
0
0
0
0
1
0
0
18
0
0
2
0
3
0
0
0
0
0
28
7
1
0
0
0
1
2
1
0
1
0
0
219
67
0
0
0
0
0
1
0
0
0
0
0
0
19
0
0
1
0
1
3
11
0
0
1
0
0
5
1
0
0
8
0
0
0
3
0
0
0
3
0
3
0
1
24
0
0
0
0
2
0
0
9
1
0
8
0
0
0
0
0
66
0
214
0
0
0
0
3
0
0
500
2
0
0
0
0
0
0
0
33
0
6
0
0
1
21
0
0
30
0
0
2
0
8
5
0
0
0
34
0
0
0
0
38
0
0
0
0
8
1
0
0
1
0
11
0
0
24
0
0
0
0
9
0
0
0
0
0
0
22
17
18
0
5
0
0
0
0
3
0
0
0
6
0
0
0
0
0
0
0
1
1
3
0
0
0
0
0
9
1
0
4
0
0
0
1
0
19
0
194
0
0
6
1
290
0
0
0
0
0
0
0
20
8
1
0
0
0
0
42
0
0
0
185
0
0
0
37
1
0
0
15
0
0
10
0
0
0
0
0
0
0
18
6
4
1
0
0
0
0
3
0
0
3
0
1
2
1
0
0
0
0
0
50
0
0
67
0
0
0
5
0
0
0
0
0
0
3
0
0
0
1
53
0
1
66
0
0
0
0
8
0
204
2
0
0
0
0
17
3
22
0
6
0
0
0
0
0
0
0
4
14
5
0
11
0
0
1
20
1
1
32
0
10
1
0
0
19
0
3
0
0
1
8
0
84
0
0
0
2
17
0
0
9
0
11
35
0
343
40
0
1
0
40
1
59
0
0
0
1
0
0
53
0
960
0
2
0
1
0
0
0
0
4
0
3
0
0
0
0
79
0
0
3
0
8
0
0
1
7
0
0
0
0
0
5
1
0
3
0
8
0
0
0
0
0
1
0
0
7
0
0
0
0
1
1
0
14
0
1
2
0
0
0
102
1
0
0
1
27
94
0
0
1
0
0
0
0
0
0
2
0
15
0
0
129
21
0
0
0
0
0
0
0
8
0
3
0
0
12
1
1
1
81
0
1
52
0
0
0
0
0
0
2
0
0
9
10
0
4
0
1
0
227
7
0
0
20
14
0
1
0
0
0
0
0
0
0
0
0
0
0
0
0
197
0
1
0
2
0
0
0
19
9
0
1
1
3
2
0
5
0
0
0
0
25
2
0
0
0
1
0
0
0
0
0
0
0
0
13
0
0
2
1
0
0
0
5
1
0
2
0
0
0
0
188
0
0
0
0
0
0
1
0
2
37
0
140
0
13
0
0
0
0
0
7
0
170
13
0
0
22
0
0
0
5
0
935
0
0
0
0
0
0
1
0
0
0
45
0
0
0
0
29
0
0
186
10
0
0
0
0
4
0
28
15
0
0
2
8
1
51
2
55
3
3
4
1
0
0
0
0
0
0
0
0
0
0
0
0
0
0
0
26
0
0
0
0
0
0
20
0
0
0
0
4
0
0
0
0
0
0
4
0
0
0
0
0
0
0
0
0
0
0
16
53
0
0
0
0
0
0
0
0
17
0
0
26
0
0
280
3
0
0
0
3
0
0
1
0
0
0
0
0
0
0
0
3
0
0
0
0
0
0
0
0
0
0
3
170
0
1
0
0
0
8
7
32
269
24
0
0
0
1
0
0
0
0
0
0
5
0
12
3
0
112
0
53
0
0
0
0
0
0
0
6
0
0
41
0
0
0
0
0
0
0
0
0
0
0
0
0
0
9
0
0
0
0
0
0
0
0
0
0
0
0
0
0
0
0
0
0
0
150
0
0
405
2
0
0
114
98
0
0
0
0
0
0
0
0
0
0
0
0
0
0
0
0
0
0
0
0
0
0
0
0
0
0
0
0
18
0
0
0
0
0
0
0
3
0
0
0
0
0
0
0
0
0
0
0
0
0
0
3
0
0
0
0
0
0
0
5
9
0
40
1
3
0
0
1
11
0
44
153
72
0
2
0
0
0
0
0
0
0
1
0
0
0
0
0
0
0
0
0
0
0
26
4
0
67
3
23
36
0
0
0
0
0
0
25
0
0
14
0
0
0
0
0
0
0
0
0
0
2
0
0
491
0
2
0
0
0
0
0
0
0
0
0
0
0
1
0
11
0
0
0
0
0
0
0
0
0
0
0
16
0
0
0
0
51
204
0
0
0
0
0
19
0
15
0
50
5
0
0
0
0
0
0
0
0
0
0
0
0
0
0
0
0
0
0
0
0
0
0
0
0
0
0
0
0
0
0
0
0
0
0
0
0
0
0
0
0
0
0
0
0
0
0
3
0
0
0
0
0
0
0
0
0
50
2
0
0
0
0
0
1
37
0
0
0
6
0
0
0
0
0
0
0
0
0
0
0
0
0
1
0
0
0
0
0
0
0
0
0
0
0
0
0
0
0
0
0
0
0
0
9
0
0
0
0
0
0
0
0
0
0
0
0
0
0
0
0
0
1
0
0
0
0
55
0
0
0
0
0
0
0
0
0
0
0
0
0
0
0
0
0
0
0
0
0
10
0
0
0
0
0
0
0
0
28
8
0
0
0
0
0
0
0
0
0
0
0
0
0
0
0
42
0
0
0
0
0
0
0
2
0
16
0
0
10
0
0
0
0
4
0
0
0
0
0
6
0
0
0
1
0
0
0
0
0
0
0
0
0
0
0
0
0
0
1
0
0
0
0
0
0
0
0
0
0
2
0
0
0
0
3
0
0
0
0
0
1
0
0
1213
0
0
0
0
0
79
17
0
0
0
0
0
0
2
0
0
0
1
0
0
0
11
1
0
0
9
0
0
0
0
5
0
2
0
0
1
0
0
0
1
0
0
71
58
0
0
0
0
0
0
0
1
0
10
30
845
0
0
0
6
0
0
1
0
0
0
0
0
0
0
0
0
1
1
0
0
0
0
0
0
0
0
2
0
13
150
0
0
0
107
0
0
0
0
107
145
0
0
0
0
3
3
2
0
0
0
0
0
0
0
0
0
12
0
0
0
0
1
0
0
0
8
0
0
101
3
0
0
0
0
55
27
28
31
33
3
24
0
0
0
0
0
0
0
2
0
0
0
0
0
0
0
0
0
0
0
0
0
0
0
0
0
0
0
0
0
0
12
0
0
0
0
0
0
0
0
1
0
0
0
0
0
0
0
0
0
0
0
0
0
0
0
0
0
0
0
0
1
0
0
0
0
0
0
7
0
0
0
0
0
0
0
1
0
0
1
0
0
0
0
0
1
0
0
0
0
1
13
0
0
0
0
0
0
0
0
72
1
0
0
0
0
0
0
0
0
0
0
0
0
0
0
0
1
0
0
0
1
0
0
0
0
1
0
0
0
0
0
5
0
0
0
16
8
16
17
12
0
13
2
3
2
12
17
8
6
10
3
3
1
3
21
0
0
0
0
0
0
0
0
0
0
0
0
0
0
0
0
0
0
0
0
0
0
0
0
0
0
0
0
0
0
0
0
97
0
33
44
47
56
44
43
0
0
1
0
0
0
0
0
0
0
2
0
0
0
20
3
0
0
0
0
0
0
0
0
0
0
0
0
0
0
0
0
0
0
6
2
5
2
3
4
2
2
5
6
4
1
3
4
3
1
7
7
2
2
0
3
2
0
0
4
1
2
7
2
3
0
0
0
0
0
0
0
0
0
0
5
0
0
0
0
0
0
0
0
0
0
0
0
0
0
0
0
0
0
0
3
0
0
0
0
0
0
0
0
0
0
0
0
0
0
0
0
0
0
0
0
0
0
0
0
0
0
0
0
0
0
0
0
0
0
0
0
0
0
0
0
0
0
0
0
0
0
0
0
0
0
0
0
0
0
0
0
0
0
0
0
0
0
0
0
0
0
0
0
0
0
0
0
0
0
0
0
0
0
0
0
0
0
0
0
0
0
0
0
0
0
0
0
0
0
0
0
0
0
0
0
0
0
0
0
0
0
0
0
0
0
0
0
0
0
0
0
0
0
0
0
0
0
0
0
0
0
0
0
0
0
0
0
0
0
0
0
0
0
0
0
0
0
0
0
0
0
0
0
0
0
0
0
0
0
0
0
0
0
0
0
0
0
0
0
0
0
0
0
0
0
0
0
0
0
0
0
0
0
0
0
0
0
0
0
0
0
0
0
0
0
0
0
0
0
0
0
0
0
0
0
0
0
0
0
0
0
0
0
0
0
0
0
0
0
0
0
0
0
0
0
0
0
0
0
0
0
0
0
0
0
0
0
0
0
0
0
0
0
0
0
0
0
0
0
1
0
1
0
0
0
0
2
6
0
0
0
0
0
0
0
0
0
0
0
0
0
0
0
0
0
0
0
0
0
0
0
0
0
0
1
0
0
0
0
0
0
0
0
0
0
0
0
0
0
0
0
0
1
0
0
0
0
0
0
0
0
0
0
0
0
1
0
3
0
0
1
0
0
0
0
1
0
0
0
1
0
0
0
0
0
1
0
0
2
2
0
1
0
0
3
0
0
0
0
2
0
0
0
0
0
1
0
0
0
0
0
0
0
0
1
0
1
0
0
0
0
1
0
0
1
0
0
0
2
0
0
0
0
0
0
3
0
0
0
0
0
0
1
3
4
0
2
1
0
0
0
0
3
2
10
6
7
10
8
4
0
0
0
0
0
0
1
0
1
0
0
0
0
45
45
45
45
80
11
0
46
22
25
47
45
14
67
68
2
43
35
2
28
23
0
0
0
0
0
0
0
0
0
0
0
0
0
0
0
0
0
0
0
0
0
0
0
0
0
0
0
0
0
0
0
0
0
0
0
0
7
0
0
0
0
0
5
0
3
0
0
2
3
0
0
0
0
0
0
0
0
0
0
2
0
0
0
0
0
0
0
0
0
0
0
0
0
0
0
0
0
0
0
0
0
0
0
0
0
0
0
0
0
3
1
6
3
2
1
1
2
3
4
1
1
3
3
3
4
1
4
4
3
3
3
5
0
0
0
0
0
0
1
0
2
0
0
0
0
0
0
0
0
0
0
0
0
0
0
1
0
0
3
0
8
15
9
16
0
0
0
1
1
2
0
0
0
0
0
0
0
0
0
0
0
0
0
0
7
6
17
1
2
15
0
0
0
0
0
0
0
0
0
0
0
0
0
0
0
0
0
0
0
0
0
0
0
0
0
0
0
1
0
9
0
0
0
6
0
0
0
0
62
0
0
0
0
0
0
0
47
0
0
0
0
0
0
0
26
0
0
0
0
0
0
0
0
0
0
0
0
0
2
0
0
0
0
0
0
0
0
0
0
0
0
0
0
0
0
0
0
0
0
0
0
0
0
0
0
0
0
0
0
0
0
0
0
0
0
0
0
0
0
0
0
0
0
0
0
0
0
0
0
0
0
0
0
0
0
0
0
0
0
0
0
0
0
0
0
0
0
0
0
0
0
0
0
0
0
0
0
0
0
0
0
0
0
0
0
0
0
0
0
0
0
0
0
0
0
0
0
23
25
5
12
20
10
0
18
36
0
0
0
0
0
7
0
0
0
0
0
0
0
19
0
0
0
0
0
0
0
0
0
0
0
0
0
0
0
0
0
0
0
0
0
0
0
0
0
0
0
0
0
0
0
0
0
0
0
0
0
0
0
0
0
0
0
0
0
37
41
0
0
0
0
14
0
0
0
2
0
0
0
0
0
0
0
0
0
0
0
0
0
0
0
0
0
0
0
0
0
0
0
0
0
0
0
0
0
0
0
0
0
0
0
0
0
0
0
0
0
58
0
0
0
0
0
0
0
0
0
0
20
24
4
0
0
0
0
0
0
0
0
0
0
0
0
0
0
0
0
0
0
0
0
0
0
0
0
19
21
0
26
0
0
0
0
0
0
0
16
0
0
0
0
0
0
0
0
0
0
0
0
0
0
0
0
0
0
0
0
0
0
0
0
0
0
0
0
0
0
0
0
0
0
0
0
0
0
0
0
0
0
0
0
0
0
0
0
0
0
0
0
0
0
212
1
0
0
0
0
0
0
0
0
0
0
2
0
0
0
6
0
0
0
0
0
0
0
0
0
29
0
3
21
0
0
0
0
0
0
0
0
0
0
0
0
0
0
0
0
0
7
0
0
0
0
0
0
0
0
0
0
0
0
0
0
0
0
0
0
0
0
0
0
0
0
0
0
0
0
0
0
0
0
0
0
0
0
0
0
0
0
0
0
0
0
0
0
0
0
0
0
0
0
0
0
0
0
0
0
0
0
0
0
0
0
0
0
0
0
0
0
0
0
0
0
0
0
0
0
0
0
0
0
0
0
0
0
0
0
0
0
0
0
0
0
0
0
0
0
0
0
0
0
0
0
0
0
0
0
0
0
0
0
0
0
0
0
0
0
0
0
0
0
0
0
0
0
0
0
0
0
0
0
0
0
0
0
0
0
0
0
0
0
0
0
0
0
0
0
0
0
0
0
0
0
0
0
0
0
0
0
0
0
0
0
0
0
0
0
0
0
0
0
0
0
0
0
0
0
0
0
0
0
0
0
0
0
0
0
0
0
0
0
0
0
0
0
0
0
0
0
0
0
0
0
0
0
0
0
0
0
0
0
0
0
0
0
0
0
0
0
0
0
0
0
0
0
0
0
1
0
0
0
0
0
0
0
0
0
0
0
0
0
0
0
0
0
0
0
0
0
0
0
0
0
0
0
0
0
0
0
0
0
0
0
0
0
0
0
0
0
0
0
0
0
0
0
0
0
0
0
0
0
0
0
0
0
0
0
0
0
0
0
0
0
0
0
0
0
0
0
0
0
0
0
0
0
0
0
0
0
0
0
0
0
0
0
0
0
0
0
0
0
0
0
0
0
0
0
0
0
0
0
0
1
0
0
0
0
0
1
0
0
0
0
0
0
0
0
0
0
0
0
0
0
0
0
0
0
0
0
0
0
0
0
0
0
0
0
0
0
0
0
0
0
0
0
0
0
0
0
0
0
0
0
0
0
0
0
0
0
0
0
0
0
0
0
0
0
0
0
1
0
0
0
0
0
0
0
0
0
0
0
0
0
0
0
0
0
0
0
0
0
0
0
0
5
0
15
10
0
0
0
0
0
1
0
0
0
0
0
0
2
0
3
0
1
1
0
0
0
0
8
9
6
10
0
11
0
3
10
0
12
0
0
4
0
7
0
5
0
19
11
0
4
6
7
0
0
0
0
6
9
0
0
0
1
2
0
0
0
0
1
0
0
0
0
0
185
0
217
122
0
73
55
0
0
109
1
53
0
0
0
0
15
0
0
0
0
3
0
90
0
0
0
0
1
0
0
64
0
5
0
0
0
0
2
210
0
0
2
0
0
0
0
0
0
0
0
52
0
0
0
0
0
0
0
0
0
26
0
0
0
0
0
0
0
0
0
3
0
0
0
0
0
0
0
0
0
0
0
0
1
1
7
0
0
0
0
5
1
0
0
0
0
0
0
0
0
0
0
36
102
27
39
13
5
0
2
13
6
4
0
0
0
0
0
2
0
0
0
1
0
0
0
0
0
0
245
4
0
0
1
0
0
0
0
0
0
0
0
2
1
1
0
3
1
2
0
2
1
0
0
0
0
0
0
0
0
0
0
0
0
0
0
0
0
0
0
0
0
1
0
0
0
0
0
0
0
0
0
0
0
0
0
0
0
1
1
0
0
0
0
0
0
0
1
1
0
0
0
0
0
0
0
0
0
0
0
0
0
0
1
3
3
0
2
0
0
0
0
9
5
2
0
2
231
0
2
50
217
0
219
0
0
0
0
0
0
